$ANSIBLE_VAULT;1.1;AES256
30303232366162656264383530336639666330316330356538396132373233663330326636303232
3464383465616466653339353539333736346666376538350a633235383464653639373961336564
64653763306566363737336338373738663565376233356462303962646663323830306135353539
3732626463333434610a373737643436396666393264396635633930366436376530616439353263
39383733353036373538373338616461303961646366616532363233396230613565656532333831
32623239316537366235626665623239303766613066633362323464623835623162366130343066
37316564343739346664386130666630386462386661373530363639383138616634393734666131
31366661613766633365303032353037363461623763316664303566363263616436663736313066
35653331326532656137336362343466376233323565353861396233363530613566333639653462
64396632653734613233626332356131313936663639633331383930623135313966343935363730
34623561376335666530383864663261303536343837373533326663643834333331363566353437
65396130623264373532616430656437666237353361353564373936356461323365323161393966
38653039343538313239383164623238393533363839643539663861393561646237346530376234
39366135633430306538323935393164363534613438396637313230666136623964633963636536
626262346463623932326661333934353432
