$ANSIBLE_VAULT;1.1;AES256
38386232623430616466373737303237306561303933656532623366306430373332343866653934
3235646331623533613265336265353139633264393930660a396461333537653061663432636530
36303235366332313234613364393365373866323062313731353539346135323731653335326561
3535613961306533360a636237326435353364633931613135303138656532306361663431323435
34323734356562323232393964366532356466343030343665663738393965643064663263363231
36616531353237663635656561633437643831353136353639356238303765363535386465383566
66653535653730363762386466343263333032636636643931613830336162316434363932323435
66636338313961306662333330373736396462343762643330613032393334386166326664653265
30613363316430326636333135386166333964663830613564363337633465626535383039343835
36346534373532613261646136376236343637353866613434666364306462366464393239363463
38663139646563346237663564363466383132343032353231313164626164326133636462386561
63363335366262623961
